Gene,Mut,ObsNum_rec_mean,ObsNum_sim_mean,nzeros,n_eq,nplus,nminus,zerosFr,plusFr,minusFr,p-value,effect
human_cytb,A[A>G]C,14.2473,2.6,8,0,92,0,0.08,0.92,0,0,+
human_cytb,A[C>T]A,33.731,17.04,0,0,100,0,0,1,0,0,+
human_cytb,A[C>T]T,17.0174,21.93,0,2,14,84,0,0.142857,0.857143,0.019802,-
human_cytb,A[G>A]C,3.76629,21.01,0,0,0,100,0,0,1,0,-
human_cytb,A[T>C]T,31.5333,40.05,0,1,9,90,0,0.0909091,0.909091,0.00990099,-
human_cytb,C[A>G]A,14.1246,7.51,0,1,98,1,0,0.989899,0.010101,0.00990099,+
human_cytb,C[A>G]C,10.3046,2.16,10,0,90,0,0.1,0.9,0,0,+
human_cytb,C[A>T]G,1.94115,0.49,59,4,35,2,0.614583,0.364583,0.0208333,0.039604,+
human_cytb,C[C>T]A,21.6647,9.53,0,0,100,0,0,1,0,0,+
human_cytb,C[C>T]G,6.76961,1.94,14,1,85,0,0.141414,0.858586,0,0.00990099,+
human_cytb,C[C>T]T,22.955,35.71,0,0,1,99,0,0.01,0.99,0,-
human_cytb,C[G>A]G,5.76448,13.59,0,1,1,98,0,0.010101,0.989899,0.00990099,-
human_cytb,C[G>A]T,6.65223,11.5,0,5,5,90,0,0.0526316,0.947368,0.049505,-
human_cytb,C[T>C]A,10.4035,14.47,0,5,15,80,0,0.157895,0.842105,0.049505,-
human_cytb,C[T>C]T,42.0237,34.04,0,3,88,9,0,0.907216,0.0927835,0.029703,+
human_cytb,C[T>G]A,1.94176,0.34,70,2,27,1,0.714286,0.27551,0.0102041,0.019802,+
human_cytb,G[A>G]C,15.2963,8.22,0,1,97,2,0,0.979798,0.020202,0.00990099,+
human_cytb,G[A>G]G,20.2436,9.49,0,0,100,0,0,1,0,0,+
human_cytb,G[A>G]T,15.2516,7.32,1,0,99,0,0.01,0.99,0,0,+
human_cytb,G[C>A]C,1.8844,0.22,80,2,18,0,0.816327,0.183673,0,0.019802,+
human_cytb,G[C>T]C,6.59388,0.17,85,0,15,0,0.85,0.15,0,0,+
human_cytb,G[C>T]G,6.65151,0.24,78,0,22,0,0.78,0.22,0,0,+
human_cytb,G[G>A]C,16.3069,8.72,0,3,97,0,0,1,0,0.029703,+
human_cytb,T[A>G]A,7.41657,23.16,0,0,0,100,0,0,1,0,-
human_cytb,T[C>T]A,18.9287,31.68,0,1,0,99,0,0,1,0.00990099,-
human_cytb,T[C>T]C,24.722,47.12,0,0,0,100,0,0,1,0,-
human_cytb,T[C>T]T,14.306,23.35,0,2,2,96,0,0.0204082,0.979592,0.019802,-
human_cytb,T[G>A]A,12.361,24.9,0,0,1,99,0,0.01,0.99,0,-
human_cytb,T[G>A]C,32.4079,35.57,0,4,25,71,0,0.260417,0.739583,0.039604,-
human_cytb,T[T>C]A,19.1298,34.31,0,0,0,100,0,0,1,0,-
human_cytb,T[T>C]C,37.1903,34.52,0,4,65,31,0,0.677083,0.322917,0.039604,+
human_cytb,T[T>C]G,19.0114,31.17,0,1,1,98,0,0.010101,0.989899,0.00990099,-
human_cytb,T[T>C]T,3.88447,8.1,0,5,5,90,0,0.0526316,0.947368,0.049505,-
human_cox1,A[A>G]C,18.9003,8.53,0,0,100,0,0,1,0,0,+
human_cox1,A[C>T]A,30.6958,12.95,0,0,100,0,0,1,0,0,+
human_cox1,A[G>A]C,8.93085,13.96,0,4,9,87,0,0.09375,0.90625,0.039604,-
human_cox1,A[G>A]G,10.9796,3.35,5,0,95,0,0.05,0.95,0,0,+
human_cox1,A[T>C]G,2.99269,11.25,0,0,0,100,0,0,1,0,-
human_cox1,A[T>C]T,22.8482,20.36,0,4,71,25,0,0.739583,0.260417,0.039604,+
human_cox1,C[A>G]C,15.844,5.03,1,0,99,0,0.01,0.99,0,0,+
human_cox1,C[A>G]G,15.9608,9.33,0,0,98,2,0,0.98,0.02,0,+
human_cox1,C[C>A]G,3.99237,1.63,20,3,76,1,0.206186,0.783505,0.0103093,0.029703,+
human_cox1,C[C>G]T,1.99998,0.13,89,2,9,0,0.908163,0.0918367,0,0.019802,+
human_cox1,C[C>T]T,19.6856,29.94,0,1,3,96,0,0.030303,0.969697,0.00990099,-
human_cox1,C[G>A]A,8.6265,3.86,5,0,95,0,0.05,0.95,0,0,+
human_cox1,C[G>A]T,6.84608,12.19,0,4,5,91,0,0.0520833,0.947917,0.039604,-
human_cox1,C[T>C]A,19.9561,15.01,0,1,87,12,0,0.878788,0.121212,0.00990099,+
human_cox1,C[T>C]C,53.7435,14.81,0,0,100,0,0,1,0,0,+
human_cox1,C[T>C]G,12.8955,22.52,0,3,0,97,0,0,1,0.029703,-
human_cox1,C[T>C]T,28.8355,18.86,0,1,97,2,0,0.979798,0.020202,0.00990099,+
human_cox1,C[T>G]C,1.9962,0.35,69,4,27,0,0.71875,0.28125,0,0.039604,+
human_cox1,C[T>G]G,4.9883,0.68,48,0,52,0,0.48,0.52,0,0,+
human_cox1,G[A>G]A,19.9512,5.95,0,0,100,0,0,1,0,0,+
human_cox1,G[A>G]C,4.99268,0.21,81,0,19,0,0.81,0.19,0,0,+
human_cox1,G[A>G]G,35.8571,8.91,0,0,100,0,0,1,0,0,+
human_cox1,G[A>G]T,8.97991,3.08,5,1,94,0,0.0505051,0.949495,0,0.00990099,+
human_cox1,G[C>T]T,8.8172,4,0,0,97,3,0,0.97,0.03,0,+
human_cox1,G[T>C]A,10.9719,4.06,0,0,100,0,0,1,0,0,+
human_cox1,G[T>C]C,5.92485,2.06,14,1,85,0,0.141414,0.858586,0,0.00990099,+
human_cox1,T[A>G]C,15.7289,8.95,0,0,97,3,0,0.97,0.03,0,+
human_cox1,T[A>G]G,30.7523,20.38,0,0,100,0,0,1,0,0,+
human_cox1,T[C>A]G,12.6341,0.99,35,0,65,0,0.35,0.65,0,0,+
human_cox1,T[C>T]A,31.9125,21.91,0,2,97,1,0,0.989796,0.0102041,0.019802,+
human_cox1,T[C>T]G,22.8865,18.21,0,3,83,14,0,0.85567,0.14433,0.029703,+
human_cox1,T[C>T]T,15.5091,21.11,0,3,13,84,0,0.134021,0.865979,0.029703,-
human_cox1,T[G>A]C,7.98121,15.86,0,1,4,95,0,0.040404,0.959596,0.00990099,-
human_cox1,T[G>A]G,18.8644,26.86,0,4,3,93,0,0.03125,0.96875,0.039604,-
human_cox1,T[T>C]G,13.9762,19.79,0,3,7,90,0,0.0721649,0.927835,0.029703,-
human_cox1,T[T>C]T,8.98297,16.36,0,3,3,94,0,0.0309278,0.969072,0.029703,-
human_nd1,A[A>G]A,5.99055,1.69,22,1,77,0,0.222222,0.777778,0,0.00990099,+
human_nd1,A[A>G]C,12.8303,7.28,0,2,96,2,0,0.979592,0.0204082,0.019802,+
human_nd1,A[C>T]A,9.98647,5.38,0,0,95,5,0,0.95,0.05,0,+
human_nd1,A[C>T]C,12.9851,2.4,13,0,87,0,0.13,0.87,0,0,+
human_nd1,A[C>T]G,8.98562,5.35,1,5,88,6,0.0105263,0.926316,0.0631579,0.049505,+
human_nd1,A[C>T]T,3.99046,6.42,0,5,20,75,0,0.210526,0.789474,0.049505,-
human_nd1,A[G>A]C,8.95699,3.86,2,1,94,3,0.020202,0.949495,0.030303,0.00990099,+
human_nd1,A[G>A]T,9.91997,4.07,4,1,95,0,0.040404,0.959596,0,0.00990099,+
human_nd1,A[T>C]G,9.99114,4.07,1,1,97,1,0.010101,0.979798,0.010101,0.00990099,+
human_nd1,A[T>C]T,8.98305,12.73,0,3,14,83,0,0.14433,0.85567,0.029703,-
human_nd1,C[A>G]A,4.99044,0.51,62,0,38,0,0.62,0.38,0,0,+
human_nd1,C[A>G]G,5.99361,0.22,80,0,20,0,0.8,0.2,0,0,+
human_nd1,C[A>G]T,9.98577,0.54,64,0,36,0,0.64,0.36,0,0,+
human_nd1,C[C>T]A,23.9562,11.43,0,0,100,0,0,1,0,0,+
human_nd1,C[C>T]C,20.9725,8.24,0,0,100,0,0,1,0,0,+
human_nd1,C[C>T]G,8.98776,4.17,2,0,95,3,0.02,0.95,0.03,0,+
human_nd1,C[C>T]T,26.9661,14.36,0,0,100,0,0,1,0,0,+
human_nd1,C[G>A]A,5.99483,2.76,8,2,85,5,0.0816327,0.867347,0.0510204,0.019802,+
human_nd1,C[T>A]C,9.98634,1.22,28,0,72,0,0.28,0.72,0,0,+
human_nd1,C[T>C]A,5.9918,11.24,0,3,4,93,0,0.0412371,0.958763,0.029703,-
human_nd1,C[T>C]C,5.99243,9.89,0,5,9,86,0,0.0947368,0.905263,0.049505,-
human_nd1,G[A>G]A,5.99406,0.15,85,0,15,0,0.85,0.15,0,0,+
human_nd1,G[A>G]C,1.99873,0.08,92,0,8,0,0.92,0.08,0,0,+
human_nd1,G[A>G]G,3.99616,0.1,91,0,9,0,0.91,0.09,0,0,+
human_nd1,G[A>G]T,3.9941,0.15,85,0,15,0,0.85,0.15,0,0,+
human_nd1,G[C>T]C,3.99243,1.15,32,2,65,1,0.326531,0.663265,0.0102041,0.019802,+
human_nd1,G[G>A]C,7.9893,0.24,78,0,22,0,0.78,0.22,0,0,+
human_nd1,G[G>A]G,6.98978,0.24,77,0,23,0,0.77,0.23,0,0,+
human_nd1,G[G>A]T,7.99124,0.24,76,0,24,0,0.76,0.24,0,0,+
human_nd1,T[A>G]G,18.9756,13.98,0,3,85,12,0,0.876289,0.123711,0.029703,+
human_nd1,T[C>A]T,2.51469,0.72,52,4,43,1,0.541667,0.447917,0.0104167,0.039604,+
human_nd1,T[C>T]A,23.97,16.74,0,3,96,1,0,0.989691,0.0103093,0.029703,+
human_nd1,T[G>A]A,5.99057,0.06,94,0,6,0,0.94,0.06,0,0,+
human_nd1,T[G>A]G,13.9333,23.84,0,0,0,100,0,0,1,0,-
human_nd1,T[T>A]T,2.99564,0.33,73,1,26,0,0.737374,0.262626,0,0.00990099,+
human_nd1,T[T>C]A,12.9833,18.4,0,2,6,92,0,0.0612245,0.938776,0.019802,-
human_nd1,T[T>C]C,18.9791,14.76,0,4,87,9,0,0.90625,0.09375,0.039604,+
mouse_cytb,A[A>G]C,2.96704,0.65,48,2,50,0,0.489796,0.510204,0,0.019802,+
mouse_cytb,A[C>T]C,8.38272,1.28,28,0,72,0,0.28,0.72,0,0,+
mouse_cytb,A[G>A]C,5.92002,1.02,35,0,65,0,0.35,0.65,0,0,+
mouse_cytb,A[T>C]A,11.2026,2.38,10,0,90,0,0.1,0.9,0,0,+
mouse_cytb,A[T>C]C,2.66748,0.46,64,1,34,1,0.646465,0.343434,0.010101,0.00990099,+
mouse_cytb,A[T>C]T,5.94264,1.64,18,1,81,0,0.181818,0.818182,0,0.00990099,+
mouse_cytb,C[A>C]T,1.99293,0.13,88,1,11,0,0.888889,0.111111,0,0.00990099,+
mouse_cytb,C[A>G]A,1.99997,0.55,52,5,42,1,0.547368,0.442105,0.0105263,0.049505,+
mouse_cytb,C[A>G]C,2.95529,0.27,77,0,23,0,0.77,0.23,0,0,+
mouse_cytb,C[C>A]A,1.9705,0.26,78,4,18,0,0.8125,0.1875,0,0.039604,+
mouse_cytb,C[G>A]G,7.82506,0.89,40,0,60,0,0.4,0.6,0,0,+
mouse_cytb,C[T>C]A,7.81972,0.69,44,0,56,0,0.44,0.56,0,0,+
mouse_cytb,C[T>C]T,10.7582,3.19,2,0,98,0,0.02,0.98,0,0,+
mouse_cytb,G[A>G]A,4.90746,0.83,39,0,61,0,0.39,0.61,0,0,+
mouse_cytb,G[A>G]G,4.95339,1,43,1,56,0,0.434343,0.565657,0,0.00990099,+
mouse_cytb,G[A>G]T,2.66959,0.65,55,3,42,0,0.56701,0.43299,0,0.029703,+
mouse_cytb,G[C>T]C,5.76081,0.29,75,0,25,0,0.75,0.25,0,0,+
mouse_cytb,G[C>T]T,2.84422,0.35,70,1,29,0,0.707071,0.292929,0,0.00990099,+
mouse_cytb,G[G>A]G,3.65427,0.67,53,0,47,0,0.53,0.47,0,0,+
mouse_cytb,G[G>A]T,10.6518,1.38,29,0,71,0,0.29,0.71,0,0,+
mouse_cytb,G[T>C]A,3.92954,0.35,69,0,31,0,0.69,0.31,0,0,+
mouse_cytb,T[A>G]C,4.66717,0.69,49,0,51,0,0.49,0.51,0,0,+
mouse_cytb,T[C>T]A,7.63902,1.7,15,0,85,0,0.15,0.85,0,0,+
mouse_cytb,T[C>T]T,7.80616,2.78,5,1,94,0,0.0505051,0.949495,0,0.00990099,+
mouse_cytb,T[G>A]T,4.89616,2.52,10,5,80,5,0.105263,0.842105,0.0526316,0.049505,+
mouse_cytb,T[T>C]A,11.6775,3.25,5,0,95,0,0.05,0.95,0,0,+
mouse_cytb,T[T>C]C,14.6541,1.74,10,0,90,0,0.1,0.9,0,0,+
mouse_cytb,T[T>C]T,9.89881,2.6,8,0,92,0,0.08,0.92,0,0,+
mouse_cox1,A[A>G]C,1.94228,0.09,91,0,9,0,0.91,0.09,0,0,+
mouse_cox1,A[C>T]C,4.56208,0.57,52,0,48,0,0.52,0.48,0,0,+
mouse_cox1,A[C>T]T,5.62734,0.75,45,0,55,0,0.45,0.55,0,0,+
mouse_cox1,A[T>C]C,5.68012,0.26,76,0,24,0,0.76,0.24,0,0,+
mouse_cox1,C[A>G]T,1.9166,0.08,93,1,6,0,0.939394,0.0606061,0,0.00990099,+
mouse_cox1,C[C>T]C,3.91782,0.45,62,0,38,0,0.62,0.38,0,0,+
mouse_cox1,C[T>C]A,3.69696,0.33,69,0,31,0,0.69,0.31,0,0,+
mouse_cox1,C[T>C]C,1.91847,0.27,74,1,25,0,0.747475,0.252525,0,0.00990099,+
mouse_cox1,C[T>C]G,4.75633,0.36,69,0,31,0,0.69,0.31,0,0,+
mouse_cox1,G[A>G]G,4.0763,0.26,78,0,22,0,0.78,0.22,0,0,+
mouse_cox1,G[G>A]C,1.95168,0.28,75,3,22,0,0.773196,0.226804,0,0.029703,+
mouse_cox1,G[T>C]A,3.88177,0.14,88,0,12,0,0.88,0.12,0,0,+
mouse_cox1,T[A>G]C,2.81683,0.32,72,0,28,0,0.72,0.28,0,0,+
mouse_cox1,T[C>T]A,3.69904,0.58,59,1,40,0,0.59596,0.40404,0,0.00990099,+
mouse_cox1,T[C>T]C,4.62,0.83,43,0,57,0,0.43,0.57,0,0,+
mouse_cox1,T[C>T]G,10.547,0.8,42,0,58,0,0.42,0.58,0,0,+
mouse_cox1,T[G>A]C,3.65702,0.65,54,1,45,0,0.545455,0.454545,0,0.00990099,+
mouse_cox1,T[G>A]T,3.80859,0.97,28,0,72,0,0.28,0.72,0,0,+
mouse_cox1,T[T>C]A,5.76965,0.86,42,0,58,0,0.42,0.58,0,0,+
mouse_cox1,T[T>C]C,3.90568,0.38,66,0,34,0,0.66,0.34,0,0,+
mouse_cox1,T[T>C]G,1.87324,0.36,73,5,20,2,0.768421,0.210526,0.0210526,0.049505,+
mouse_nd1,A[C>T]A,3.91083,0.34,74,0,26,0,0.74,0.26,0,0,+
mouse_nd1,A[C>T]G,1.97949,0.2,81,1,18,0,0.818182,0.181818,0,0.00990099,+
mouse_nd1,A[C>T]T,9.54055,0.89,41,0,59,0,0.41,0.59,0,0,+
mouse_nd1,A[G>A]T,3.66835,0.21,80,0,20,0,0.8,0.2,0,0,+
mouse_nd1,A[T>C]A,3.91875,0.37,69,0,31,0,0.69,0.31,0,0,+
mouse_nd1,C[C>T]A,4.62268,0.46,63,0,37,0,0.63,0.37,0,0,+
mouse_nd1,C[T>C]A,6.28809,1.09,30,0,70,0,0.3,0.7,0,0,+
mouse_nd1,C[T>C]C,2.92823,0.4,64,0,36,0,0.64,0.36,0,0,+
mouse_nd1,C[T>C]T,4.43793,0.78,44,1,55,0,0.444444,0.555556,0,0.00990099,+
mouse_nd1,G[A>G]A,1.9232,0.07,93,0,7,0,0.93,0.07,0,0,+
mouse_nd1,G[G>A]T,2.80901,0.26,79,0,21,0,0.79,0.21,0,0,+
mouse_nd1,T[A>G]C,1.90341,0.16,87,3,10,0,0.896907,0.103093,0,0.029703,+
mouse_nd1,T[A>G]T,1.97712,0.13,88,1,11,0,0.888889,0.111111,0,0.00990099,+
mouse_nd1,T[T>C]A,5.80596,1.21,25,0,75,0,0.25,0.75,0,0,+
mouse_nd1,T[T>C]C,2.93741,0.68,50,2,48,0,0.510204,0.489796,0,0.019802,+
mouse_nd1,T[T>C]T,7.77491,1.49,21,0,79,0,0.21,0.79,0,0,+
